   2.0000000e+00  -3.4220229e-01   3.9047122e-01  -1.2082798e+00   6.3666296e-01  -1.1988070e+00  -2.2222413e-01  -5.8230045e-02  -8.1682471e-01   6.8796320e-01  -3.3699792e-02
   2.0000000e+00   3.9973220e-02   5.1379522e-01  -4.3008757e-01  -1.0158377e+00   2.1250326e-01  -8.6807700e-01   4.5295370e-01  -6.3714014e-01   2.5576184e-01   6.2736575e-01
   2.0000000e+00  -1.7900442e+00  -7.3175667e-01   4.0376501e-01   3.6999592e-01   1.1239349e-01   1.7932789e+00   1.1022767e+00   1.3347517e+00  -3.0794771e+00   4.1878040e-01
   2.0000000e+00   2.1093448e-01  -2.9425661e-01  -1.9673226e-01   4.3531165e-01  -6.0046487e-02   2.4496482e+00   5.8860194e-01   8.7016741e-01  -1.9697439e+00   1.0447552e+00
   2.0000000e+00  -5.1654624e-01   3.8549198e-01  -1.0687315e+00  -8.1133375e-01   4.9291115e-01  -4.7577346e-01  -6.8562243e-01  -1.4963124e+00   1.4534993e+00  -2.2080898e+00
   1.0000000e+00   5.8024772e-01  -1.3750803e-01  -1.3016875e+00  -1.0004418e+00  -1.6954506e+00   7.5508665e-01   4.3653068e-01   5.3775842e-02   3.7695074e-01  -1.7079597e-01
   1.0000000e+00   2.2905084e-01   8.2058962e-01   1.5340110e+00  -8.1546087e-02   1.0773794e-01   8.5578752e-01   1.4809439e-01   4.2662849e-01  -7.5638173e-01  -2.0985110e-02
   2.0000000e+00  -7.5345479e-02   1.0332190e+00  -7.0720816e-01  -1.2267388e+00   1.1014051e+00  -5.1984474e-01  -4.6188421e-01  -6.5515163e-01  -1.4226596e-01  -1.0324603e+00
   2.0000000e+00  -4.5218370e-01   8.7980424e-01   6.9739311e-01  -1.3845304e-01   5.4654164e-01  -1.6606577e-01   1.7929447e-01  -1.3410706e+00   1.5605261e+00   6.3569640e-02
   1.0000000e+00  -4.0451597e-02  -4.9945678e-01   6.4969246e-02   4.3188695e-01  -4.2118784e-01   5.3552109e-01  -1.5655586e-01  -5.2822359e-01  -7.0188031e-01   9.6350775e-01
   2.0000000e+00   2.8753654e-01  -3.6889345e-01  -7.9549183e-01   7.5857435e-02   6.0411654e-01  -3.5797172e-01   1.0197850e+00  -1.3191095e+00   2.1603861e+00   6.8855879e-01
   2.0000000e+00   6.5546693e-02   2.1875613e-01   8.1964559e-01   2.1625018e-01  -5.6149830e-01  -7.5915563e-02   4.9081149e-01  -2.1520006e-01  -1.9835584e+00  -1.5993361e+00
   2.0000000e+00   4.8703341e-01   1.7272322e+00  -7.4540483e-01   1.8536753e+00  -7.7853249e-01   1.3310952e+00  -6.8320017e-01   2.0122229e+00  -1.6519096e-01   2.0939558e-01
   2.0000000e+00   6.4686303e-01  -6.6538001e-01   8.4180773e-01  -2.1447120e+00  -2.9669508e-01   1.1213941e+00  -7.4645038e-01  -9.2775294e-01   2.3757736e+00  -5.4631451e-01
   1.0000000e+00   1.7609217e+00  -1.1606162e-01  -2.1729368e-01   5.4247061e-01  -1.4526792e+00   5.2666468e-01  -3.9879274e-02  -1.8502727e+00   1.4065241e+00   6.3946025e-01
   2.0000000e+00   1.6530938e+00  -4.0438144e-01  -1.1525737e+00   4.9895539e-01   9.5390078e-01   1.6008633e+00   9.2302239e-01  -1.1199215e+00  -4.5332915e-01  -1.0103880e+00
   1.0000000e+00  -8.3621837e-01  -1.8008978e+00  -2.2697287e-01   1.2305052e+00  -1.1312897e+00   3.5766174e-02   3.5623631e-01   2.0493673e+00   2.9240528e-01   7.2315300e-02
   1.0000000e+00  -3.4125480e-02  -3.4089128e-01   1.0352915e+00  -1.0940334e+00  -8.8992755e-01   6.6810012e-01  -4.9648536e-01  -8.6454694e-01  -2.1314528e+00   6.9583481e-01
   2.0000000e+00  -9.4043930e-01   6.4109060e-01  -2.1810634e-01   2.8137566e-01   4.0843797e-01  -2.6564664e+00   1.4355834e+00   3.6680656e-01   4.4475398e-01  -3.5582180e-01
   2.0000000e+00   1.3773527e+00  -1.5299834e-01   1.0541500e+00  -4.0720790e-02   2.2488061e-01  -6.0253859e-01  -1.9579318e-01   5.6605438e-01   1.0057557e-01  -1.2604953e+00
   2.0000000e+00   2.8753259e-01   9.9804707e-01  -1.9435633e-01   4.0287562e-01   7.0213875e-01  -1.8688848e-01  -1.5893361e+00   1.6661535e+00  -1.1967742e+00   3.6435954e-01
   2.0000000e+00  -3.4812371e-01  -3.9134082e-01  -5.7808636e-01  -1.1034516e+00   9.0599992e-01  -1.1315258e+00  -6.7148379e-01  -2.8827680e-01  -2.0423614e+00  -8.6113733e-02
   2.0000000e+00   3.8802454e-01   8.8598368e-01  -5.8040495e-01   2.4973850e-01   8.4103897e-01  -6.2648829e-02   3.1106031e-01   4.4760556e-01   1.5829990e+00  -2.6401876e-01
   2.0000000e+00   3.2444761e-01  -8.4684980e-01  -5.5756942e-01   1.4970365e+00   1.3261488e+00  -2.2029876e+00   2.8594729e-01  -1.4261643e+00  -2.1286178e+00   5.6902739e-01
   2.0000000e+00  -7.9380680e-01   9.7414391e-01  -7.7235745e-01  -1.1413972e+00   5.1124644e-01   1.8853388e+00  -8.2603230e-01  -4.9160446e-01   1.2761354e+00  -9.7622118e-01
   2.0000000e+00   4.7554299e-01   5.8122505e-01   7.5549298e-01  -1.4256655e+00  -1.3048140e+00  -2.0238173e-01   5.8474413e-01  -5.2287523e-01   2.3472565e+00  -6.1571086e-01
   2.0000000e+00  -3.2526613e-01   2.3679372e-01  -1.4239337e+00   8.8548946e-01   3.8676755e-01  -3.2427193e-01  -1.9807782e-02  -1.2474922e+00  -6.6031812e-01  -1.1127280e+00
   2.0000000e+00  -8.9700985e-01   4.4564006e-01  -1.3206399e+00  -5.7753407e-01   6.6595329e-01  -2.9650901e-02   3.8474012e-01   1.1173177e+00   6.1200154e-01  -8.7606310e-01
   2.0000000e+00   3.0572538e-01   2.4209002e-01  -1.0491015e+00  -1.8029061e-01   5.5260606e-01   1.0953792e+00  -2.1959779e+00   7.0534310e-01  -4.7057699e-01  -1.2941054e-01
   1.0000000e+00  -7.7743374e-01   3.7847239e-01   1.2932280e-01   2.2821472e+00   4.0693421e-01   4.2709735e-01   4.3354504e-01  -1.0503091e+00   2.7657202e-01  -3.8863240e-01
   2.0000000e+00  -6.5630653e-01  -9.8877111e-01   9.1452366e-02   1.4366536e-01   4.4023738e-01  -3.8752711e-01   1.0846066e+00   6.3869917e-01   6.1269867e-01  -8.1933530e-02
   2.0000000e+00   1.9214337e+00  -1.5998100e+00   1.3416205e+00   1.0446202e+00  -1.6714025e+00  -4.4875049e-01   1.6703364e+00  -2.0165241e+00   8.3219228e-01  -1.3133382e+00
   2.0000000e+00  -6.7527584e-01  -1.7066635e+00  -7.5250342e-01  -2.8025104e-01   1.7786416e-01  -2.5357620e-01   5.2846719e-01  -1.2991240e+00   2.2638558e-01  -7.3757507e-01
   1.0000000e+00  -3.9890322e-02   1.1788521e+00   1.2540624e+00  -1.3250837e-01   2.9058450e-01   6.1291632e-01  -5.1538719e-01   1.4232524e+00  -1.5913443e+00  -6.0225436e-01
   2.0000000e+00  -4.8162464e-01   1.0697857e+00  -1.1573505e-01  -6.2669572e-01   3.1752642e-01  -8.2048192e-01  -9.6335262e-01   3.2731976e-01   5.8017931e-01  -1.0298734e+00
   2.0000000e+00   3.7489465e-01  -3.8170728e-02  -2.8667938e-01   3.2776162e-01   5.4104563e-01   2.8159336e+00   4.7407230e-01   1.3487005e+00  -1.0868469e-01  -1.4873699e+00
   2.0000000e+00   1.7874442e+00  -1.2026273e+00   1.7201256e+00   4.0760572e-01   1.3261033e+00  -2.9894931e-01   1.0862324e+00   1.4999435e+00  -2.0539102e+00   2.2461236e-01
   2.0000000e+00  -1.1560612e+00   9.5886730e-01  -7.0134097e-01  -9.1348693e-01   9.6638001e-01   1.5494619e+00  -9.7786657e-01  -5.7225536e-01  -1.0554691e+00  -1.4055472e-01
   1.0000000e+00  -3.9149016e-01   9.7353488e-01  -2.7499398e-01   1.3388027e+00   3.0205782e-01   3.5669498e-01  -8.7133127e-01   7.5644614e-01   1.8327840e+00  -9.4421691e-01
   2.0000000e+00   2.1975304e-01  -3.7062300e-02   2.8241382e-01   2.7326186e-01  -9.9276474e-01  -1.0655470e+00  -1.3115554e+00  -2.4685021e-01  -3.3386889e-01   2.7023479e-01
   2.0000000e+00  -6.9438626e-01  -3.5410672e-01  -1.2066528e+00  -8.6142689e-01   8.2332719e-01  -1.3627902e+00  -4.9563631e-01  -1.0141526e+00  -1.3752193e+00   6.5201588e-01
   2.0000000e+00  -4.4069054e-01   2.9320999e-01  -4.9010035e-01   2.0016950e-01  -1.3205391e+00  -3.9899146e-01  -6.6454873e-01  -1.3924292e+00   1.6740199e-01  -6.3542412e-01
   2.0000000e+00   4.1932368e-01  -7.9608103e-01   8.3915793e-01  -7.6998511e-01   4.0000698e-01  -6.3085391e-01  -1.6985744e+00  -1.0798559e+00   9.9583400e-01  -6.0816673e-01
   2.0000000e+00  -7.0537190e-01   3.0347335e+00  -5.0183296e-01  -6.1654446e-01  -1.1971634e+00  -2.3186767e+00  -3.4532963e-01   1.1096736e+00  -5.1597132e-01  -1.0843203e+00
   2.0000000e+00   1.3633598e-01  -1.0428474e+00  -9.4727148e-02   3.9089493e-01  -9.7317447e-01  -1.6490406e+00   1.2944310e+00   2.3092437e-01   5.8655198e-01  -1.7289598e+00
   2.0000000e+00   2.0572862e+00   5.1849991e-01  -1.3378281e+00  -7.5078203e-01   1.0678038e+00  -2.1102015e-01  -2.2530529e-01   2.0650591e-01  -8.4442825e-01   1.6596666e+00
   2.0000000e+00   1.1566977e-01   1.1464774e+00  -2.1151595e+00  -1.2510692e+00   1.1017520e+00  -1.1153935e+00  -3.7121125e-01  -4.2253631e-01   1.3721286e-01   2.7447320e+00
   2.0000000e+00  -2.0752348e+00   9.8320115e-01   8.9723482e-01  -1.2744366e-01  -6.5974805e-01   6.7795279e-01   6.7504423e-01   1.3401207e-01  -9.8737283e-01   6.8985017e-01
   2.0000000e+00   7.4500988e-01  -6.0898913e-01   3.1856139e-01   2.0323247e+00  -6.3876368e-01   1.3091159e+00   1.0945080e+00   1.0801309e-01   4.2687215e-01   1.5337177e+00
   2.0000000e+00   4.2035814e-01  -5.9611722e-01   1.1051585e+00  -4.8627370e-01   7.7617280e-02  -6.4741248e-01  -1.7324276e+00  -1.5770267e+00  -1.6997390e+00   2.5227583e+00
   1.0000000e+00   9.4007103e-01  -5.9916081e-01  -1.4885153e+00  -4.8261907e-01   3.8757850e-01   1.3134618e-01  -5.4380187e-01  -1.9294433e-02  -6.2316342e-01  -4.8795667e-01
   2.0000000e+00   5.7531567e-01   2.4600075e-01   1.3833076e+00   3.3510358e-01  -1.5304944e+00   5.2021773e-01   1.5604666e+00   1.9223343e+00  -5.5781726e-01   2.1377697e+00
   2.0000000e+00  -7.2573137e-01  -1.0380285e+00  -6.4801181e-01   6.3763141e-01  -7.7602510e-01   9.2622255e-01   8.2678131e-01  -1.9944911e+00   5.0692784e-01   1.0029599e+00
   2.0000000e+00  -7.5693778e-01   9.0782931e-01   5.9995664e-01  -1.1409102e+00  -9.9260740e-01   2.3062839e+00  -1.9401942e+00   3.4128950e-01  -5.1867177e-01  -5.3119226e-01
   2.0000000e+00   4.3386435e-01  -1.5964458e+00  -5.2220817e-01  -1.1729097e+00  -6.9747128e-01   6.6547497e-01   1.9238264e+00   2.2001413e+00  -3.8336516e-01  -1.5638971e+00
   2.0000000e+00  -6.0399878e-01  -9.3126739e-01  -1.2155622e+00   5.5393994e-01  -5.8791105e-02  -8.9390795e-01  -1.5673843e-01   2.1933228e-01  -1.1927190e+00  -2.5325063e+00
   1.0000000e+00  -4.6709112e-01  -2.7343285e-01  -9.9684961e-01   8.4161465e-01  -2.2410607e-01   3.8620650e-01  -5.5239069e-01  -2.3298646e-01   6.6139417e-01  -9.8951316e-01
   2.0000000e+00  -1.1940614e+00   5.3927999e-01  -1.7532050e-01  -9.6436543e-01   5.1185172e-01  -2.6190337e-01  -1.0136837e-01  -1.1613895e+00  -5.7284557e-01   1.5808008e+00
   2.0000000e+00   1.5973987e+00  -1.6702901e+00  -2.1331219e+00   1.2331600e+00   2.0242550e+00  -5.8454956e-01   1.4763361e-01  -4.3287364e-02  -1.9920079e-01  -3.1344093e-01
   1.0000000e+00  -1.0027609e-01   1.9413088e-02  -5.0204698e-01  -1.0127542e+00   4.6277216e-01   1.0999020e-01  -8.8378894e-01  -4.5467638e-01   1.4504197e+00  -8.2941445e-01
   2.0000000e+00   4.6266799e-01   2.8956857e-01   2.6541577e+00  -9.2490428e-01   8.7315995e-01  -9.6961250e-02  -4.9178141e-01  -1.4255517e+00  -1.2075688e+00   1.0941270e+00
   2.0000000e+00   3.0812806e+00   1.8152055e+00  -2.1026495e-01   5.4282645e-01  -2.7121279e+00   5.5650115e-01  -1.3808520e-01  -1.3590034e-01  -3.0096615e-01  -1.1312236e+00
   1.0000000e+00   1.2435200e+00   1.7491330e+00   1.6021293e-01   6.6214149e-01   1.6000021e-01   5.4435700e-02   1.7623740e-01   4.1571225e-01  -1.8901412e-01   4.3416217e-01
   1.0000000e+00  -1.2466494e+00   2.8444274e-01  -1.3856980e+00  -1.1295831e+00  -2.7364460e-01   5.6849480e-02  -4.3606815e-02   5.4862522e-02   7.7901304e-01  -2.0963224e+00
   2.0000000e+00   5.2058697e-01  -7.3868737e-02  -1.2242543e+00   5.5238024e-02   1.4602156e+00  -7.1743794e-02  -1.6320967e-01   1.0853073e+00   1.7634751e+00  -1.5143456e+00
   2.0000000e+00   4.0925254e-01  -6.5850274e-01   7.2338053e-01   1.5289790e+00   1.4740933e+00  -6.0252778e-02  -2.2258457e-01   1.5486196e+00   8.3725194e-02   1.1466410e+00
   2.0000000e+00  -3.5482084e-01   4.3205578e-01  -1.0315802e-02   8.3271212e-02   6.6902398e-01   1.1201305e+00   9.5341772e-01  -1.3801276e+00  -2.9446158e-01  -1.1329986e-01
   1.0000000e+00   8.3602479e-01  -1.6806922e+00  -4.0820046e-01   1.6092033e+00   2.7922631e-01   6.6560742e-02  -1.2550738e-01   1.6862415e+00   6.6838762e-01  -1.1902110e+00
   2.0000000e+00   1.8335218e+00  -5.9365029e-01   1.8872532e-01  -1.0440877e+00   9.3848538e-01   7.8208860e-01  -6.9370576e-01   2.5196130e-01  -1.9601876e-01  -1.2760855e-02
   2.0000000e+00   4.3138994e-01  -4.5519293e-01   6.4729020e-01  -7.5528464e-01   2.0681119e-01  -5.2736724e-01  -8.4405638e-01   3.7151120e-01  -5.7289701e-01  -1.3762353e+00
   2.0000000e+00  -6.3754428e-01  -2.0789335e-01   6.8005451e-01  -4.1986724e-01   7.6321455e-01  -1.2076949e-01   1.2881538e+00   7.8339250e-04  -2.6407091e-01   1.2238831e+00
   1.0000000e+00   2.2045488e-02   4.5943896e-02  -1.9692098e+00  -1.3120754e+00  -9.6361055e-01   6.2070982e-01  -1.9477648e-01   9.7556660e-01   6.9274470e-01   8.9491650e-01
   1.0000000e+00  -7.6078545e-02   1.1525962e+00   3.8237781e-01   8.1966572e-01   1.2458113e-01   4.9784653e-01   1.4102165e-01   2.3372203e+00   1.2269827e+00   2.6117540e-03
   1.0000000e+00   7.6864850e-01   1.6138500e-01   1.5170429e+00  -4.2250053e-01   1.1537134e+00   6.6694447e-01   6.0370777e-01  -1.3301024e-01   1.0043301e+00  -8.9754583e-01
   2.0000000e+00  -2.6075396e+00  -5.0279700e-02   6.9063831e-02   9.2681312e-01   1.8090853e+00   4.5709202e-01   1.2263421e+00  -3.3451615e-01   6.6324308e-01   4.0310909e-01
   2.0000000e+00   2.9514162e-02  -2.1396519e+00   6.4160299e-01  -1.4962524e+00   2.0075746e+00   3.5261948e-01   1.1637154e+00  -6.8375809e-01  -2.1753732e+00  -1.7120188e-01
   2.0000000e+00   3.8708877e-02   2.5966769e+00  -2.5835163e+00   1.7418913e+00   2.7754071e-01  -2.6238259e-01  -5.0868518e-01  -3.6825849e-01  -8.2090227e-01   1.1582834e+00
   1.0000000e+00  -6.5596390e-01   2.7764980e-01   4.9662217e-01  -8.8160762e-02   1.5081621e+00   7.9999724e-02  -6.7176957e-01   1.2583266e+00  -2.7884086e-01   6.1470050e-01
   2.0000000e+00  -8.1653305e-01  -1.4853372e+00   8.0863230e-01  -1.1413766e+00   3.9773475e-01  -1.5185964e-01  -2.3732374e+00  -1.3027584e-01  -1.0871923e+00  -4.1451929e-01
   2.0000000e+00   1.2509159e+00  -4.2077865e-01  -7.9409269e-01   1.3861527e+00  -2.0253227e+00   4.4543756e-01   1.2142560e+00  -1.4575780e+00   8.5818017e-01   3.2090443e-01
   2.0000000e+00   2.5484465e-01   6.3342696e-01  -7.2186517e-01  -1.8759534e+00   6.6296948e-01  -7.6813997e-01   2.2927368e-01  -1.6033571e+00  -1.8634083e+00   5.8092317e-02
   2.0000000e+00  -3.1064196e+00   1.0814684e+00   1.8295832e-01  -8.4336483e-01   4.4568706e-01  -8.9268702e-01  -2.2958648e-01  -6.3270372e-01  -3.8909430e-01  -2.9380992e-01
   2.0000000e+00  -1.5712339e+00  -1.2855750e+00  -2.2394646e-01  -7.0066915e-02   1.4465143e+00   1.3337610e+00   6.4859998e-01  -2.0882374e-01   9.8236874e-02   2.8511475e-01
   2.0000000e+00  -2.0179572e+00   1.6201533e-01  -7.2895111e-01   3.6065370e-01  -1.4744311e+00   2.8334452e-01   8.7889936e-02  -1.1518595e+00   6.8764498e-01   2.2254773e+00
   1.0000000e+00   7.3783652e-01   1.4254181e+00   7.8247198e-01   1.3951122e+00  -1.3629499e-01   1.6408574e-01  -4.8005325e-01   4.5831263e-01  -1.4113973e+00   5.7492476e-02
   2.0000000e+00  -1.9584217e+00  -6.5234768e-01  -2.9765476e-03   1.1399355e+00   8.7229725e-01   7.1402479e-01  -4.1996047e-01   1.2061533e+00  -6.7543639e-02  -6.9276984e-01
   2.0000000e+00   8.2351794e-01   4.2746738e-01   7.8531781e-01   4.2792610e-01   1.3641885e+00  -1.2157415e+00   1.1156095e+00   2.1143096e+00   7.3888394e-01   9.0915338e-01
   2.0000000e+00  -2.0921747e-02  -2.1452277e-01  -2.2049091e-01   2.6641229e-02  -1.3697047e+00   1.7120730e+00  -9.1181987e-02  -1.4744788e-01   5.2415368e-01   5.3180612e-01
   2.0000000e+00   9.9117008e-03  -9.1155134e-02  -8.8652197e-01  -3.0434075e-01   6.0976663e-01  -9.9925311e-01   1.1290554e+00   1.5880727e+00  -7.1684061e-01   7.8388286e-01
   1.0000000e+00  -3.8874528e-01   2.1062657e+00  -2.1276354e-01   6.6354720e-01  -5.6582269e-01   4.9877273e-01   1.5937193e-02   5.6814051e-01  -4.6829947e-01   5.5629064e-01
   2.0000000e+00  -1.7979305e+00   5.2220045e-01  -8.1712441e-01   5.8510820e-01  -1.7728813e-01  -1.0484606e+00  -1.0298636e+00   1.7820945e+00   5.0160449e-01   6.0673965e-01
   2.0000000e+00  -5.5260467e-01  -1.0362865e+00   8.2761246e-01   1.4642481e-01   6.6119167e-01  -3.0072992e-01   9.3441186e-02  -9.5753552e-01   2.0759771e-01   1.6360205e+00
   2.0000000e+00   4.5172872e-02   5.7399711e-01   4.4299976e-01  -2.3152428e-01   4.8474774e-01  -4.0732792e-01   5.8789578e-01  -1.2432914e+00   4.7985161e-01  -5.9356997e-01
   2.0000000e+00   1.4688060e+00   6.5989199e-02  -6.6721809e-01  -2.0595695e-02   6.6244684e-01   1.1215752e+00  -3.2531463e-01   2.5200395e-01  -2.2805920e-01  -8.9390796e-01
   1.0000000e+00   2.3747959e-01  -2.6505180e-01   6.7017586e-01   9.0949269e-01  -1.5351866e-02   5.0728343e-01   1.8188615e-01   8.7831383e-01   9.0989373e-02  -1.8079300e+00
   1.0000000e+00   6.8452443e-01   2.9376120e-01   1.3239853e-01   6.7406538e-01   1.6415864e+00   6.1798703e-01  -3.8454006e-01   1.4077584e+00   5.4927939e-01  -1.6212313e+00
   1.0000000e+00  -1.0235768e+00   1.1826927e+00  -1.4202675e-01  -4.9777453e-01   5.4276021e-01   1.9272369e-01  -4.3852173e-02   4.1467195e-01  -6.5112858e-01   4.5485475e-01
   2.0000000e+00   1.2552836e+00   1.9016316e-01   2.4429190e-02  -2.1556875e+00   8.0809241e-01  -6.4470611e-01   1.4424710e-01  -1.3198105e+00  -8.2138199e-01   2.2310260e-01
   2.0000000e+00  -2.0805369e-01   2.6101427e-01   8.2511549e-03   1.2256521e+00  -2.5944402e-01   4.5211512e-02  -1.5599682e+00   4.2439348e-01   7.1765204e-01   2.8654191e-01
   1.0000000e+00   1.7573203e+00  -6.8083677e-01  -5.1903404e-01   2.5301601e-01  -2.2087676e-01   3.5739166e-01   3.7209909e-01  -2.1442156e-01   6.1901149e-02  -5.9259329e-01
   2.0000000e+00   3.8318101e-01  -9.7008333e-01  -6.3777063e-01   7.4629347e-01   9.1115239e-01  -1.6002316e-02  -5.3363830e-01  -3.8128565e-02  -1.5006340e+00  -1.2423196e+00
   2.0000000e+00  -2.3228230e-01  -1.0172150e+00  -6.5001625e-01  -1.3428251e-01  -1.0097332e+00   1.3150554e+00   2.8956522e-01   6.4900756e-01  -5.9651484e-01  -4.4879790e-01
   2.0000000e+00  -1.5216173e-01   1.8025295e+00  -1.1077210e+00  -2.2346789e-01   3.3488448e-01   6.7210245e-01  -1.6799914e+00  -5.4003340e-01  -5.8357487e-01   1.2252217e+00
   1.0000000e+00   4.1190813e-01  -9.8874606e-01  -1.4432302e-01  -1.6043467e-01   3.9246077e-01   6.2298798e-01  -7.6603917e-01   1.7990023e+00   5.5946610e-01  -1.3365334e+00
   2.0000000e+00   1.6070407e+00  -6.1030814e-01   8.0013568e-01  -3.1624909e-01   1.3798674e+00  -5.7670618e-02   7.2752378e-01  -1.0200716e+00  -1.4952637e+00   6.8477253e-01
   1.0000000e+00  -3.5260174e-02  -1.4181259e+00  -2.6279297e-01   1.4307026e-01  -2.3776743e+00   2.3967328e-01  -1.0141989e-01  -6.3713189e-01  -5.1509511e-01  -4.8821521e-01
   2.0000000e+00  -1.8254147e+00  -1.2096504e+00  -3.6311429e-01  -1.9431803e+00   2.1136693e-01  -4.1296542e-01   1.8390111e-01  -6.6275386e-01   1.0558481e+00   1.6560709e+00
   2.0000000e+00   1.5085736e-01   7.6188296e-01  -4.8119316e-01  -9.7644043e-02   1.3097825e-01  -6.9058718e-02  -1.0500266e+00   4.3945684e-03   1.0494649e+00  -7.6072127e-01
   2.0000000e+00  -7.3146758e-01   1.2492342e+00   6.2145546e-01  -5.8939741e-01  -7.0224906e-01  -3.2769219e-01  -1.4782467e-01  -1.0162760e+00  -1.1969923e+00   6.6586561e-01
   2.0000000e+00  -4.9121793e-01  -9.5807265e-01  -9.8936377e-01   9.5710265e-01   2.9332624e-01  -1.1915502e+00   1.5582392e-01  -1.7163908e+00  -2.2645832e-01   1.1173988e-01
   2.0000000e+00   1.6474077e+00   2.0609033e-01  -2.7151139e-01  -2.7755407e-01  -4.2431717e-01  -1.2745172e+00  -1.7106576e+00  -3.8253569e-01  -9.1394642e-01   9.1079006e-01
   2.0000000e+00   1.5834841e+00  -2.1340134e+00  -1.3849501e+00   5.1690473e-01  -6.1400194e-01  -9.6424670e-01  -5.3029170e-01   1.1536127e+00   2.7549950e-02   6.1638079e-01
   2.0000000e+00   1.1908945e+00  -1.3651010e+00  -1.3282924e+00  -5.4715858e-01  -3.7529505e-01  -1.7946634e-01   2.9704942e-03   1.4500846e+00   6.7977789e-01   2.0550186e+00
   2.0000000e+00   1.3381778e+00   1.5365037e+00   1.0777221e+00  -1.1608842e+00  -5.5918628e-01  -2.9931538e-01  -3.9610207e-01   2.0269514e+00  -5.5184732e-01  -3.3351042e-01
   2.0000000e+00  -8.9547331e-01  -3.1923746e-01   8.1198456e-01  -2.9188091e-01   8.6919857e-01  -1.2138210e-01   2.0962992e-02   1.1768925e-01   6.2654628e-01   1.3468770e+00
   1.0000000e+00   5.9600565e-01  -3.6816804e-01  -1.3410112e+00   2.7111603e-01   1.4826108e-01   3.5130356e-01  -4.0255489e-01   1.0541778e+00  -6.4415075e-01  -1.0938016e+00
   2.0000000e+00   8.7553800e-02   6.0320782e-01  -4.6010391e-01  -1.7751477e+00   1.8024824e+00   1.2061017e+00  -2.4365720e-01  -1.0604442e+00   1.0952677e+00   1.1659040e+00
   2.0000000e+00  -1.3361782e-01  -1.3414106e+00  -8.5966954e-02  -8.2195701e-01   1.1173443e+00   1.5104397e+00   4.5556441e-01   2.2294862e+00   1.6302836e+00   2.2939927e+00
   2.0000000e+00   1.3214187e+00  -5.0600541e-01   1.6570422e+00  -1.5262868e+00   1.8394938e+00  -9.0482375e-01   3.7398719e-01  -1.1266932e+00  -2.8594750e-01  -1.6135945e-02
   2.0000000e+00  -2.0449396e+00  -3.2026331e-01   3.8269338e-01   9.9053899e-01  -7.5427045e-01  -1.1485090e+00   6.9245323e-01   6.7763942e-01  -8.6351510e-01  -1.4895227e-01
   2.0000000e+00  -5.0794548e-01   4.7626817e-01   2.7065813e-01   6.9960552e-01   2.5898030e-01  -2.0407934e-01   7.5338681e-01   1.0547701e+00   5.9828120e-01  -1.5179678e-01
   1.0000000e+00   9.4363542e-01  -3.6476241e-01  -2.2189972e-01  -2.4674621e-02  -8.0506370e-01   6.9598120e-01   3.9957616e-01   1.0652694e+00  -9.4754422e-02  -9.1318896e-01
   2.0000000e+00  -3.6013310e-01  -2.1123000e+00   2.2066459e+00  -2.3599921e+00   8.5830722e-01   4.0172059e-01  -1.2047843e+00  -3.1806834e-01   1.3829999e+00   7.3631585e-01
   2.0000000e+00  -1.6582844e-01  -5.1599263e-01  -1.4679064e+00  -6.7514889e-01   1.4667029e+00   6.3887173e-01   1.3264970e+00   7.1600691e-01  -2.5710604e-01  -2.7616202e-01
   2.0000000e+00   6.5149757e-01   2.1514690e+00   1.0434345e+00   3.9547067e-01  -4.0750848e-01  -6.3983360e-01   3.5799180e-01   1.3468960e+00   3.7291370e-02  -1.5325803e+00
   2.0000000e+00  -1.5441011e+00   5.2704277e-01   3.3335195e-01   5.7742534e-01   9.1742652e-01   9.4829381e-01   2.1469475e+00   8.9372369e-01  -7.0328727e-01  -1.1638729e+00
   2.0000000e+00  -1.2543086e-01  -3.3928805e-01   2.3653961e-01  -9.3601506e-01   7.8260620e-01  -1.4370218e-01  -8.2917696e-01   1.5118557e+00   2.8427415e-01  -3.7180069e-01
   2.0000000e+00  -1.6544226e+00  -1.7741674e-01   7.7932618e-01  -1.7369912e+00   1.4658634e+00   1.3077951e+00   6.9527053e-01  -3.5759427e-01  -1.0419563e+00   1.2359731e+00
   2.0000000e+00  -1.2817182e-01   2.3489762e-01   1.6248335e+00   5.2387199e-01   3.0797413e-01   1.8419865e+00   1.9323327e-01  -4.9631032e-01   7.3053403e-01  -3.3122018e-01
   2.0000000e+00   1.0661588e+00   1.0749242e+00  -1.2760985e+00   6.8425837e-01  -9.9469325e-01  -1.7498377e-01  -1.5687614e+00  -4.7494178e-01  -1.2569673e+00   2.6214749e-01
   1.0000000e+00  -1.1449178e+00  -4.5153589e-01  -7.3931673e-01  -1.1617510e+00   1.7137742e+00   3.3331813e-01  -3.2828209e-01   5.8361092e-01   8.6511290e-01   6.4560555e-01
   2.0000000e+00  -1.4009477e+00   1.1001685e+00   6.6705239e-01   1.0899003e+00   2.2096723e-01  -1.0185952e+00  -5.4811210e-01   1.5453521e+00   4.9754899e-01   8.0134664e-01
   2.0000000e+00  -8.8047851e-02  -8.1804178e-02   5.8487231e-01   5.4878043e-01  -5.4768354e-01  -1.7233948e+00   4.6711486e-01   1.3101332e-01  -5.4613677e-01  -1.2793433e+00
   2.0000000e+00  -3.6832530e-01  -2.8706790e-01   7.1716533e-01  -2.4575145e-01   7.5081930e-01   5.7054495e-01   1.2766789e+00  -1.2335049e+00   5.8338781e-01   3.1607546e-01
   2.0000000e+00   7.6757428e-01  -7.3510922e-01  -1.8548635e-02  -5.2900892e-01  -1.5117823e+00   3.0148608e-01  -1.0659533e+00   9.8288472e-01   1.1063348e+00   1.7249269e-01
   2.0000000e+00   2.1608629e-01   2.4212959e-01   2.1472222e+00   6.0258463e-01   9.0248338e-02  -5.9239528e-01  -9.6084008e-01  -1.1000928e+00  -7.5495354e-01   3.1075825e-01
   2.0000000e+00   5.4364657e-01   9.0351324e-01   9.3479250e-01   8.3263402e-01  -2.4706090e-01   8.3143290e-01  -7.4000061e-01  -1.4468472e+00  -7.0019722e-01   6.8963408e-01
   2.0000000e+00  -5.8758852e-01  -1.1558636e+00   9.0577580e-01   6.2076626e-01  -2.0722082e-01   1.6159851e+00   6.8732001e-01  -1.9569919e+00   1.1773434e+00   1.4880055e+00
   2.0000000e+00   2.3457258e+00   5.3909639e-01   7.3547791e-01   8.9756429e-01  -8.9329032e-01   2.7019105e-01   1.8587424e+00  -5.5385064e-01  -1.1924728e+00  -2.3158979e-01
   2.0000000e+00   1.7947338e-01   3.5968061e-01   1.5417079e-01  -1.6658652e+00  -1.4265053e-01  -6.5774137e-01   4.3213139e-03  -1.2161814e+00   1.6166966e+00  -2.9567605e-01
   2.0000000e+00   8.7475932e-01  -3.7119233e-01  -2.3756440e-01   2.0768763e+00   7.6837145e-01  -6.6717304e-01  -5.5862870e-01   1.1061366e+00  -5.4738010e-01   6.9494935e-01
   2.0000000e+00   6.5456658e-01   9.5800860e-01  -7.2797274e-01  -2.4102299e-01   3.6934125e-01  -7.6046075e-01   6.8818549e-01  -4.0018599e-01   1.2829342e-02   8.3314520e-01
   2.0000000e+00  -1.2738112e+00   6.3213789e-01  -1.3236556e-01  -1.6874198e+00   3.6814662e-01   1.0024699e+00  -1.8922098e-01   5.0580021e-01  -6.5482735e-01  -5.9812913e-02
   2.0000000e+00   8.4853871e-01   8.4978664e-01   2.9948627e-01  -1.5514175e+00  -1.7255587e+00  -3.6151803e-01   9.6331239e-02  -2.0397864e+00  -6.7715800e-01   3.8131431e-01
   2.0000000e+00  -5.5893030e-02   8.9636960e-01  -5.1792500e-01   5.1104905e-01  -9.7476611e-02  -1.8804904e-01  -1.0971996e+00   1.2491894e-01  -2.2862083e-01   1.4961267e+00
   2.0000000e+00   5.5718068e-01  -8.8472732e-01  -7.3010393e-01  -1.0085494e+00   1.2474341e-01   3.8283952e-01  -1.2919070e+00  -1.5108191e+00   4.3096344e-01   8.0838352e-01
   2.0000000e+00  -2.8670891e+00   1.5973947e+00  -1.2113715e+00  -9.9101710e-01   7.3065658e-01   1.8371416e+00  -2.8371879e-01   6.3993529e-02   1.4676324e-01   2.4199713e-01
   2.0000000e+00   3.9171341e-01   6.4345047e-01  -1.3062652e+00  -1.5574053e+00   1.1208158e+00  -4.8951189e-01  -5.1330815e-01   1.7597108e-01  -1.3084098e+00   7.3185939e-01
   2.0000000e+00   9.4211021e-01   5.0619653e-01   2.1361830e+00  -1.8818448e+00   1.2337874e+00  -4.0970573e-01   1.9115137e-01   1.5878913e+00  -7.3706895e-02  -4.6164788e-01
   2.0000000e+00  -9.0129305e-01  -7.8179270e-01   4.0898253e-01   1.0019250e+00   3.8739779e-01  -6.0717162e-01  -3.4548043e-01  -3.6194073e-01   3.8257390e-01  -5.0125360e-01
   1.0000000e+00   3.1044702e-01  -6.2038453e-01  -7.2866942e-02   1.3539720e-01  -8.2213025e-01   2.2803687e-01  -4.5458724e-01   1.7055565e-01  -7.2026725e-01  -4.6690805e-01
   2.0000000e+00  -5.4838168e-01   7.1781903e-01   2.2279593e-01   8.2469542e-01  -5.8308378e-01  -3.6246875e-01   4.0878381e-01  -1.7276741e+00  -3.6514752e-01  -5.1694121e-01
   2.0000000e+00  -9.1974984e-01   9.6123050e-01  -1.0527628e+00  -1.0792619e+00   1.4446857e+00  -1.7482778e-01   5.3456799e-01  -2.1083928e+00  -1.5234771e-01   1.3869085e+00
   2.0000000e+00   4.6055322e-01  -1.6420935e+00  -9.0779119e-01  -7.9074960e-01   2.1077625e-01   9.3443018e-01  -4.6250076e-01   1.8312305e-02   1.2271577e+00  -1.0172998e+00
   2.0000000e+00  -9.8247390e-01   3.4745664e-01   6.7386401e-01   2.0691460e-01   1.0477452e-01  -2.4391525e+00   1.6674550e+00   4.3871936e-01  -1.0442664e-01  -2.3857245e-01
   1.0000000e+00  -4.6611084e-02  -1.1199305e-01   1.2586404e+00  -5.0253614e-01   1.9050995e-01   1.6390676e-01  -4.8345605e-01   7.9813401e-01  -9.2817321e-01   7.4354760e-01
   2.0000000e+00   8.2482578e-01  -1.7498689e-01   1.8187489e+00  -1.9136427e+00  -2.6882232e+00   9.9626443e-01  -1.5304764e-01  -4.0038707e-01   8.9614967e-01   1.1244110e+00
   2.0000000e+00  -8.4061515e-01  -1.1540420e+00  -1.1715012e+00   3.1085815e-01   5.7198126e-01   1.0146289e+00  -9.0780535e-01  -2.6274258e-01  -8.0213615e-01   5.8308081e-01
   1.0000000e+00  -6.9098377e-01   1.5845209e+00   1.0072981e+00  -6.1839515e-02   5.8805804e-01   1.6071060e-01   6.4677504e-01   2.2380324e-01  -1.8196422e+00  -2.6903864e+00
   1.0000000e+00  -1.3229226e+00   1.4779443e+00   1.7249230e-01   7.9025235e-01  -1.0006673e+00   6.7414612e-01   1.6106621e-02  -1.1500205e+00   1.9150413e+00   4.5652440e-01
   1.0000000e+00  -9.9087749e-01  -5.1272822e-02  -1.7946570e+00   2.0883993e+00   2.3021328e-01   3.8887310e-01  -4.6590540e-01  -1.1934659e+00   4.8480211e-01   1.6428422e+00
   2.0000000e+00   5.4429380e-02  -6.4855638e-01   5.8045108e-01  -2.1248769e+00   1.5345882e+00  -6.6493968e-01  -1.7121358e+00  -9.7595116e-01   8.9089889e-01   9.5563263e-01
   2.0000000e+00   9.5683045e-01   1.4287932e-01   1.5677800e+00   1.1690489e+00  -2.0776568e+00   1.0091020e+00  -8.4385970e-01  -3.3392243e-01  -2.7495957e-01   1.1966590e+00
   1.0000000e+00   8.7499745e-01  -1.3364176e-01  -7.9505536e-01  -5.7142834e-01   5.2172522e-01   8.3290800e-01  -8.1408466e-02  -1.3741002e+00   5.6751883e-01  -9.5289807e-01
   2.0000000e+00   3.0703665e-01  -9.8979215e-01   1.2623231e+00  -2.3258693e-01   1.5954691e+00  -1.8672065e+00  -8.8800978e-01  -7.6818974e-01   2.3054829e+00  -9.6404289e-01
   1.0000000e+00   9.5006200e-01   1.1848536e+00  -6.0842792e-01  -5.7164370e-01  -7.2841899e-01   3.1055755e-01   4.4550758e-01   6.9124982e-01   9.7227562e-01  -2.7858260e-01
   2.0000000e+00   1.3658899e+00  -9.2170493e-01  -2.6988199e-01  -1.6085787e+00   6.5408864e-01  -5.0519625e-01   1.4036117e-01  -9.5919747e-01  -6.7470216e-01  -1.3121390e+00
   2.0000000e+00  -5.5588548e-01   8.2935166e-01  -1.7834306e+00  -8.3890625e-01  -1.5109749e+00  -6.0058769e-01  -1.0882761e+00  -1.1573261e+00   1.0374725e+00   7.5224346e-01
   2.0000000e+00   1.0329613e+00   1.9245241e-01   5.6696108e-01   2.1736987e+00   3.6395033e-01  -4.2318743e-01  -3.5086947e-02   1.4648766e+00   1.4173222e+00   2.8591358e-01
   1.0000000e+00   1.4243246e+00   1.2463076e-01   8.2015514e-01  -1.4826532e+00  -2.6833989e-01   3.7607441e-01   2.5075525e-01   3.0097966e-01  -3.1455991e-01   4.7607011e-01
   2.0000000e+00   8.3400721e-01  -8.8883442e-01   2.7864385e-01   1.0579615e+00  -1.4447052e-01   1.2851497e+00  -7.0389750e-01   1.1688319e+00   1.2434397e-01  -5.5030002e-01
   2.0000000e+00  -1.3371443e+00  -7.7585238e-01   7.4909143e-02  -2.4303350e-01  -9.4072853e-01  -2.6400808e-01  -6.5869174e-01   6.1598146e-01  -6.3815621e-01  -1.1975401e+00
   1.0000000e+00  -4.4608534e-01   1.3616013e+00  -7.8348574e-01  -1.7703348e+00   5.8275437e-01   3.4220791e-01   3.9118459e-01  -7.4798280e-01   5.9054027e-01  -4.0724407e+00
   2.0000000e+00   5.7300929e-01   1.4292023e+00   5.9469162e-01   2.8364372e-01  -5.8932099e-01   6.3162948e-02  -1.2599963e+00  -9.0200454e-02  -1.9805367e-01   1.8849098e-01
   2.0000000e+00   6.2946561e-01   9.9717269e-01   2.7984021e-01  -4.7324048e-01   1.3349160e-01  -7.7973862e-01  -6.4394474e-01   1.7020962e+00   6.6210340e-01   5.0754546e-01
   2.0000000e+00  -1.0957939e-01   6.2651035e-01  -5.4190975e-01   1.1534184e-01  -2.2892585e-01   1.2995337e-01  -1.3638095e+00  -1.1321303e+00   9.7871187e-01   8.8905115e-01
   2.0000000e+00  -9.9232015e-01   1.0574675e+00   3.7364462e-01   2.5603272e+00   1.3067258e+00  -4.8545735e-01  -1.9697918e-01   4.5232577e-01  -1.1681917e+00   8.6056667e-01
   2.0000000e+00  -1.1871692e+00   8.1145762e-02   2.6570757e-02   2.0614064e+00   1.0642226e+00   1.2973392e+00   9.0862166e-01   2.4316375e-01   1.3702396e+00  -1.6566995e-01
   2.0000000e+00  -1.2642783e+00  -3.3436442e-01   2.7003584e-01  -2.4408113e-02  -1.2126875e+00   1.9801526e+00  -5.5738889e-01   9.8956321e-01  -1.6709976e-01  -1.4034733e+00
   1.0000000e+00  -1.3919187e-01   9.2955812e-01   8.4936847e-01   1.4906133e+00  -2.0021856e-01   5.3269228e-01   1.5328175e-01   9.0800810e-01  -2.9945109e-01  -8.6129900e-01
   2.0000000e+00   2.4601501e-01  -2.0419674e+00  -3.0115041e-01   5.3474317e-01   2.7074908e-01  -3.7995556e-01  -6.8452396e-01   3.4245608e-01  -1.2819709e+00   2.9597886e-01
   2.0000000e+00  -5.9431095e-01  -6.2688822e-01   1.7964767e+00   1.1661754e+00   1.6552925e+00  -1.0488056e+00   6.8460662e-01   1.9555953e+00   2.4046849e+00  -2.5233996e-01
   2.0000000e+00   1.3178166e+00   1.0615970e+00  -1.9693927e+00  -1.0372195e-01   4.0901511e-01   1.1752615e+00  -4.4701844e-01  -1.4703952e+00  -2.4401036e-02   9.6807615e-02
   2.0000000e+00   7.1418478e-02   1.3358042e+00  -6.0070117e-01  -4.4199942e-01  -6.0110868e-01  -3.8295708e-01   8.9864294e-01  -1.1687057e+00  -5.8432090e-01  -2.0829700e+00
   2.0000000e+00  -6.0169337e-01  -1.4286908e+00  -4.3088449e-01   1.3530671e+00   6.8933800e-01   2.5760313e-01   1.6927305e+00   1.1285602e+00   1.1323206e+00  -1.3260818e-01
   2.0000000e+00  -1.0484634e+00  -3.7957640e-01  -2.0174530e+00   6.8193220e-02  -1.3578899e+00   9.7104819e-01  -8.4917204e-01  -1.5102474e+00   1.0280461e+00  -2.0585851e+00
   2.0000000e+00   1.2837992e+00  -7.9818999e-01   2.2491618e-02  -1.2527609e-01  -9.6180129e-01  -2.5071859e+00  -6.2924589e-01   1.0005182e+00  -8.4121214e-02   1.5830786e+00
   2.0000000e+00  -1.1891662e+00  -8.0064946e-02   8.2581462e-01  -8.0553517e-02   6.2068209e-01  -2.5190042e-01  -1.0027104e+00   2.0014778e+00   9.2334956e-01  -6.7037813e-01
   2.0000000e+00   1.5583407e-01  -4.6791384e-01   6.6963091e-01   3.5169690e-01  -1.1681894e-01  -4.9137611e-01  -1.0761172e+00   1.5152966e+00   8.3702689e-01   9.3513377e-01
   1.0000000e+00   4.4724289e-02   7.2137801e-01  -8.2367797e-01   1.0041345e+00   1.5871088e+00   6.9292374e-01  -1.0259862e-01   1.5831866e-01   2.2140983e+00  -1.6077287e+00
   2.0000000e+00  -4.9507864e-01  -1.4902779e+00  -1.2206147e+00   5.2131636e-01  -7.5595647e-01  -1.8724784e+00  -1.1732333e+00  -2.5254702e-01  -1.2967630e+00  -3.7158378e-01
   2.0000000e+00  -2.8423198e-01   2.1331954e+00   1.3517727e+00   2.8723056e-01   8.7151902e-01  -5.6663213e-01   3.4144714e-01   5.8571836e-01   8.7888053e-01   1.9770321e+00
   2.0000000e+00  -1.1891185e-01   3.7967561e-02   1.2715298e-01  -8.4145197e-01   2.1359512e+00  -4.2495335e-01   1.5588408e+00  -1.3089542e-01  -8.0732666e-01   3.3024052e-01
   2.0000000e+00   5.7471001e-01   4.4839668e-01  -1.1727887e-01  -1.3526255e+00  -2.0195356e-01   1.0224011e+00   1.2263236e+00  -1.9210927e+00  -1.2772596e-02  -4.2627661e-02
   2.0000000e+00   1.4168659e+00   1.7296740e+00  -4.4794292e-01  -1.0337919e+00   6.8584294e-01  -1.0870960e+00  -5.0026933e-02   1.1936926e+00   9.1068669e-01   6.4905367e-01
   2.0000000e+00   7.6040549e-01  -6.0770836e-01   2.6717864e+00   4.2373732e-01   9.4387376e-01  -8.1934249e-01   8.5968704e-01  -9.7607368e-01  -6.4815728e-01   5.4057691e-01
   2.0000000e+00   7.7516482e-01  -8.6315349e-01   4.2211609e-01  -8.5326167e-01  -6.0229540e-01  -4.0667249e-01  -2.0084884e+00   9.8661545e-01  -6.2504243e-01   5.4548017e-01
   2.0000000e+00   7.1536397e-01   8.1147928e-01   1.2252686e+00  -3.0662161e-01  -8.1527199e-01   8.8118118e-01  -6.3940158e-01  -1.9424932e+00  -5.0262206e-01  -5.1152394e-01
   2.0000000e+00  -1.3510455e+00  -1.9784010e-01   8.9679436e-01  -3.4070976e-01  -1.2682284e-01  -2.7003240e-01   1.7975934e+00   9.9188413e-01  -7.9114380e-01  -2.8770301e-01
   2.0000000e+00   1.6182392e+00   8.3724894e-01  -6.7336650e-01   3.7294568e-01   1.3677245e+00  -7.5813015e-01  -1.3151923e+00  -2.5720188e-01  -1.9096245e+00  -1.3918305e+00
   2.0000000e+00  -1.1633102e+00   1.4626881e+00   6.4554568e-01   2.5760360e+00  -1.8640243e-01   8.0560432e-01   1.2119938e+00  -9.1482905e-01  -3.2901237e-01   1.5107906e+00
   2.0000000e+00  -1.1133029e+00   1.5110111e+00  -2.9104860e-01   7.2633544e-01  -3.3393799e-01  -2.5407843e+00   8.4723664e-01  -1.1755358e+00   4.8697054e-01  -1.9273365e-01
   2.0000000e+00   7.7833444e-01   3.1529301e-02  -9.8537731e-01  -1.0202613e-01   5.8707987e-02  -1.9122911e-01  -7.1993056e-01   8.8652051e-01   1.4795134e+00  -9.2608822e-02
   2.0000000e+00   9.2043484e-01  -6.4105442e-01   8.5151705e-01  -1.4856022e+00  -9.3516727e-02  -5.6654103e-01   7.3160075e-01   1.4169700e-01   1.6824745e-01  -2.6700646e-01
   2.0000000e+00  -8.4195821e-01  -1.6723874e-01   1.0280440e+00   7.4894897e-02  -1.6713350e+00  -1.2656783e+00   8.7554804e-02   8.9381651e-01   1.7470540e+00   6.3136322e-01
   2.0000000e+00   6.0660780e-01  -1.7645488e+00   3.5935026e-01  -2.6700911e-01  -2.5111267e-01  -6.6220646e-02  -1.1414657e-01  -3.1968417e-01   1.8557678e+00  -4.6713074e-01
   2.0000000e+00  -1.7302877e+00  -1.2425888e-01   5.2508421e-01  -3.5376206e-01  -2.7908412e-01  -1.6915456e-01   3.5598174e-01  -1.2896172e+00   8.5341580e-01   4.4587835e-01
   1.0000000e+00   1.3212844e+00  -8.2515620e-01   4.6817341e-01  -2.3317459e-01   4.3366011e-01   3.9865719e-01  -2.2744089e-01   1.6321523e+00  -1.1309808e+00   1.2116348e+00
   2.0000000e+00  -5.0677973e-01   6.0327775e-01   5.1459214e-01   1.2120380e+00   1.4094527e+00  -1.5252764e+00  -3.5364064e-01  -3.0725233e-01  -1.2071489e+00  -1.3176255e+00
   2.0000000e+00  -3.1997005e-01   1.6381599e+00  -1.0091808e-01   5.0015003e-01   9.9563483e-01  -2.1182162e-02  -3.9726511e+00   7.1949073e-01   1.2784254e+00   9.3531120e-02
   2.0000000e+00   1.3166688e-01   1.7542151e-01  -5.4242779e-01   3.2354691e-01  -6.3350676e-01   1.9428325e+00   8.1485995e-01  -1.4076060e+00   8.5952750e-01   2.3710768e+00
   2.0000000e+00  -2.1555186e-01   3.3708691e-01  -6.6016954e-01   1.1126892e+00  -6.9954823e-01   1.0276730e+00   6.4186669e-01  -4.9140926e-01  -2.9368789e+00   1.1245642e+00
   2.0000000e+00  -2.3224319e+00   1.8225797e+00   9.6070598e-01   1.1836697e+00  -7.8850234e-01  -1.0198524e-01   1.9973819e-01   6.6057352e-01  -1.8457993e-02   1.0154643e+00
   1.0000000e+00  -6.2620032e-01  -9.8302937e-02   1.4843516e+00  -1.4464924e+00  -5.4793826e-01   5.2410552e-01   3.0142686e-01   3.4306309e-01   1.2713428e+00  -3.9754374e-01
   2.0000000e+00  -1.2724165e+00  -1.3815084e-01  -2.8215607e-01   1.3350756e-01   2.0200333e+00   1.4597093e+00  -3.0956696e-01   4.8719015e-01   4.1813678e-01   6.5893736e-01
   2.0000000e+00   1.4384725e+00  -2.3936319e-01   5.2607791e-02  -1.3115509e+00  -3.5263671e-02   5.0796269e-01  -9.1294295e-01  -1.5980081e+00  -9.2261996e-01  -1.1328591e+00
   2.0000000e+00   2.5763472e-01   7.9176251e-01   4.0662373e-01  -3.2859901e-01   2.1353313e+00  -9.1091654e-02  -4.3045250e-01   9.8898398e-01   2.5540724e-01   7.7620447e-01
   2.0000000e+00   9.0646028e-01   1.9620534e+00   6.8777766e-01   8.1422307e-01   5.1120186e-01   1.9092599e+00   5.1652405e-01   8.5307648e-01  -1.2679896e+00  -1.1395709e+00
   2.0000000e+00  -5.7056854e-01   1.4563837e+00   1.2464255e-01  -9.4869113e-01  -3.4816974e-02   9.2697254e-01   9.7634236e-01   3.1509611e-01  -3.6144861e-01  -1.8381208e-01
   2.0000000e+00   2.7733730e-01   5.1627504e-01  -5.7486307e-01  -3.8460016e-01  -1.0017065e+00   7.3184034e-01   1.4277200e+00  -1.4911073e+00   8.9299314e-02   1.6752975e+00
   2.0000000e+00  -9.2721238e-01  -9.9691128e-01  -1.7911316e+00  -1.6272064e+00  -8.2601840e-01  -2.3752105e-01  -7.2599246e-01  -1.6937655e+00  -8.9213659e-01   9.8709626e-02
   2.0000000e+00  -1.2858414e+00   1.3957414e-02  -8.8429338e-01  -7.8855944e-01   1.9114361e+00  -6.5445955e-01  -1.5835853e-01  -4.3357004e-01  -2.3349703e-01  -8.2887369e-01
   1.0000000e+00   1.3006408e+00   9.4538432e-01   6.5467157e-01  -5.1052080e-03  -6.9336646e-02   3.4487870e-01  -8.0143207e-01   4.2340622e-01   5.2077100e-01   6.3278457e-01
   1.0000000e+00   4.4337641e-01   5.0694339e-01  -4.3421330e-01  -1.7725571e-01  -8.0451213e-01   6.4858068e-01   3.1741264e-01  -1.1679080e-01  -1.5478319e+00   4.9609104e-01
   2.0000000e+00  -1.7757881e+00  -1.9102324e-01   8.9279381e-01   4.5496177e-01   8.2508660e-01  -1.2188844e+00  -3.2688085e-01   1.1945076e+00  -1.3969412e-01   1.7764863e+00
   2.0000000e+00   5.6633670e-01   1.8211818e+00  -7.6283598e-02   6.3959219e-01  -5.9168371e-01   1.2337428e+00   7.1639873e-01  -6.5261327e-01  -1.6671253e-01   7.6548674e-01
   2.0000000e+00  -5.9892327e-01  -5.5381370e-01   1.1630763e+00  -8.0386083e-01   1.0629311e+00  -1.2389830e-01  -5.6609034e-02   1.1633008e+00   1.2502363e+00   4.5651260e-01
   2.0000000e+00  -6.5516690e-01   7.2931731e-01  -3.6565369e-01   2.9397123e-01   4.8117472e-01  -6.3211168e-01  -3.1344427e-02  -1.6185049e+00   1.8988759e+00  -5.9769303e-01
   2.0000000e+00   5.1653308e-01   1.0704505e+00  -2.7551955e-01   1.0717566e+00   1.1786095e+00  -1.9869081e+00  -1.7793239e+00  -1.6567016e+00   3.6298897e-01  -1.5528301e+00
   2.0000000e+00  -2.0169494e+00   1.1108391e+00   1.4881006e+00  -5.4631626e-01   2.3084032e-02   7.2226669e-02   3.6162979e-01  -5.3918236e-01   8.3195325e-02   4.1436361e-01
   2.0000000e+00  -5.7992625e-01   6.4324089e-01  -6.4779115e-01   6.8089204e-01  -7.6803030e-01   2.2518278e+00  -3.2401628e-01  -6.6963556e-01  -2.3151581e+00  -1.4671392e+00
   2.0000000e+00   1.0709930e+00   7.5660752e-01   1.6517949e+00  -2.7453343e-01   9.4377443e-01  -2.2032002e+00   1.1338670e+00  -5.6959454e-01   2.3537552e-01   1.0566729e+00
   2.0000000e+00   6.0607582e-01  -8.3893898e-02  -1.4580509e+00   2.9650977e-01  -1.6400514e+00   2.5674657e-02  -1.8198279e+00   8.7969928e-01  -6.6031905e-01   5.5687165e-01
   2.0000000e+00  -1.1325516e+00  -1.1651333e+00  -9.0404336e-01   1.9571660e-01  -4.6747699e-02  -1.8568973e-01  -9.6160597e-01   3.9658725e-01   7.7120649e-01  -1.3720983e+00
   1.0000000e+00   4.7643095e-01  -7.9299215e-01  -9.0549044e-01  -1.5191015e-01  -7.9497128e-01   4.0110716e-02   6.5525232e-01  -1.0875273e+00  -6.3537461e-01  -6.9769811e-01
   2.0000000e+00  -9.8742332e-01  -3.7974377e-01   6.0920266e-01   2.4455536e-01   1.3700371e+00  -2.3034721e-01  -7.7239762e-01  -1.3711125e+00   7.8599659e-01  -3.5050475e-01
   2.0000000e+00   1.7648718e-01  -3.7639109e-01  -2.7561228e+00  -2.4655299e-01  -9.5898992e-01   1.4313880e+00   1.3086366e+00  -9.0419809e-01  -3.8887163e-02   2.6215842e-01
   2.0000000e+00  -2.4442994e-01   5.7854977e-01  -1.2559505e+00  -1.3413116e+00   1.5119325e-01   1.0603875e+00  -7.3859592e-01   1.4202538e+00  -1.3405314e+00  -8.9956301e-02
   2.0000000e+00  -6.4659601e-01   1.0996414e+00   1.4577280e+00   1.7365757e+00   3.7618222e-01  -1.3764409e+00  -1.3033912e+00  -5.1451253e-01  -1.8372337e-01   9.9746622e-01
   2.0000000e+00  -1.2601740e+00   1.2769949e+00  -1.2348393e+00  -6.2258207e-01   6.7511784e-02  -1.5423753e+00  -1.9360378e-01   1.5829217e+00  -1.3929525e+00   9.7000841e-01
   2.0000000e+00   5.7530624e-01  -1.7686557e+00   1.1576790e+00  -2.6393314e+00   1.9075230e+00   1.1080295e+00   7.3255539e-01   8.6779148e-01  -1.0511782e-01  -9.8537323e-01
   1.0000000e+00   1.8400190e+00   2.8451939e-03   2.2534051e+00  -1.5552333e+00   2.8751301e-01   1.6505776e-01  -2.6578927e-01   8.1317778e-01   5.5146665e-01   4.5831468e-01
   2.0000000e+00   1.3943591e+00   8.5437693e-01  -1.1084158e-01  -1.2557781e+00   1.2658786e+00  -1.0337851e+00  -1.0479800e+00   1.0923242e+00   1.2039618e+00  -1.3979109e-01
   2.0000000e+00   1.8615456e-01   6.6196894e-01  -2.1954028e-01   2.5025995e-02  -6.4901260e-01  -1.2145357e+00  -1.0284367e+00  -2.3784329e+00   5.4428317e-01  -1.2254063e+00
   2.0000000e+00  -2.8211813e-01   6.5674154e-02  -1.3429486e-01   1.4932641e-01  -1.8466859e+00   1.3119740e+00  -2.4047058e+00   5.2124598e-01  -5.2402083e-01   5.8347599e-01
   2.0000000e+00   2.6754199e-03   1.2224254e+00   2.9611785e-01  -7.5896270e-01   4.5641392e-01  -1.4260797e+00  -2.4621658e-01   5.7860280e-02   8.8158129e-01  -1.1365727e+00
   2.0000000e+00   8.3879631e-01  -7.6982297e-01   3.6854962e-01  -7.8496760e-02   1.1081859e+00  -1.8036788e+00   1.1179635e-01   3.3785450e-01   8.3326139e-01  -1.1598214e+00
   2.0000000e+00  -1.3724962e-02  -8.7338263e-01  -1.2317105e+00  -1.1995295e-01   8.2022453e-01  -4.8640663e-01   1.2227158e+00   6.0507355e-01   1.7647920e-01  -5.0054738e-01
   2.0000000e+00  -7.9456095e-01  -1.3611690e+00   1.5122881e+00  -7.0628279e-01   2.3479674e+00  -1.6992044e+00   7.5333897e-01  -1.5102686e-01   1.2491418e+00   6.9469875e-01
   2.0000000e+00   3.5477155e-01  -1.4593730e+00   6.1286979e-01   4.7806990e-01  -1.8459728e+00  -6.8760892e-01   2.4153806e-02  -1.8275290e-01  -2.0515425e+00   4.8838546e-01
   2.0000000e+00  -3.7317403e-01   8.6933660e-02   1.1630429e+00   2.4638137e+00  -5.0364086e-01  -1.4302466e+00   1.1129684e+00  -3.2353874e-01   4.7743245e-01   1.7974094e-01
   2.0000000e+00   1.1634185e+00   1.9295045e-01  -6.5648547e-01   4.0949353e-02  -1.5309501e+00   3.0647531e-01  -1.2403943e+00  -7.2924231e-01   2.6209623e-02   1.0714608e-01
   2.0000000e+00  -5.3601678e-01  -2.4240561e+00   8.0133214e-02   1.2057055e+00   4.4974339e-01   1.7992589e+00  -1.6762444e+00  -1.1475939e+00  -7.2253047e-01  -2.5615603e-01
   2.0000000e+00   1.2496477e+00  -3.6792003e-01   3.9749164e-01  -3.6294749e-01  -3.6336916e-01  -1.2344756e+00  -2.7457465e-01   2.8285703e-01  -6.4259551e-01  -1.8857371e-01
   2.0000000e+00  -8.7570757e-01  -1.2751285e+00  -3.2410641e-01  -7.0021431e-01   5.8157553e-02   6.6625844e-01   1.1812531e+00   1.2360975e+00   1.7110855e-01   7.3190188e-01
   2.0000000e+00   3.9320342e-01   3.4904130e-01  -1.5092364e+00   1.5349015e+00  -4.3822719e-02  -2.5698718e-03  -9.9205688e-01   7.2956965e-01   7.7829891e-01   1.1739629e+00
   2.0000000e+00  -8.0388568e-01  -1.0967345e-01  -1.3756835e+00  -4.6846401e-01   4.8850322e-01  -2.3322707e+00  -2.5060546e-01  -9.4733731e-01  -3.6820736e-01  -1.2363542e+00
   2.0000000e+00   1.0456202e+00   1.4880415e+00  -5.3374799e-02   1.2154309e+00  -1.3440893e+00  -8.7176664e-01   8.2017215e-02   1.5541439e+00   1.5313523e+00   3.6932709e-01
   2.0000000e+00   1.5502657e-01  -2.4852618e+00  -1.1268891e+00   5.7215739e-01   9.1656618e-01   1.3805653e+00  -2.2073410e-01  -6.8883801e-01  -5.1980885e-01  -2.3226254e-01
   2.0000000e+00   8.5793480e-01  -1.5203562e+00   2.9552555e-01   2.8478059e-01  -1.4851702e+00  -5.1465950e-01   1.8212425e+00  -1.5597096e+00   2.0861352e+00   1.0166395e-01
   2.0000000e+00   1.9468044e+00  -1.0098546e+00  -1.3722574e+00  -1.0535933e+00   3.2175818e-01   1.6703435e+00   7.4887270e-02   1.6043904e-01  -4.8185900e-01  -1.5412485e-01
   2.0000000e+00   6.4846139e-01   5.6346498e-01  -8.5384310e-02  -1.0437535e+00  -1.2393838e+00  -7.1988025e-01   1.4091242e+00  -5.4314135e-02  -2.0236649e+00   7.2291931e-01
   2.0000000e+00  -1.3851394e+00  -1.1411778e+00  -6.3683553e-01   1.3850357e+00  -9.5842557e-01  -9.9445356e-01   1.2049148e+00   5.2225428e-01  -1.3924654e-01   6.3073824e-01
   1.0000000e+00   7.6247300e-01  -4.5244029e-01   1.2946626e+00   1.1039090e+00  -1.0560583e-01   1.6292316e-01  -5.7223230e-01   3.6907110e-01  -1.7699732e+00   4.0945949e-01
   2.0000000e+00   6.4829530e-01   4.8958936e-01  -8.4394700e-01   4.4185103e-01  -5.5356229e-01   1.1621946e+00  -1.2483198e-01   6.7325634e-01  -6.6176724e-01  -4.2250494e-01
   2.0000000e+00   4.1463102e-02   9.1415687e-01   1.0974765e+00  -1.1854865e+00  -3.9011417e-01  -9.8562170e-01  -8.5709252e-01   7.1983632e-01   7.8324796e-01   2.1369473e+00
   2.0000000e+00  -2.6715459e-01   1.7011130e+00   2.1383311e-01  -5.7906148e-01   4.3812189e-02   1.8135112e+00  -6.1456923e-01   8.4948417e-01   4.3238304e-01   4.3135790e-01
   2.0000000e+00  -2.5471999e-01  -1.4618910e+00  -8.7956445e-01   1.6212874e+00  -1.3695717e+00   1.7744433e+00   2.7031969e-01  -2.0634258e-01   1.1512730e-01   5.8066709e-01
   2.0000000e+00   1.7797479e+00   1.0537872e+00   2.0654482e+00   2.3447766e-01  -1.3992718e-02  -3.0900768e-01  -7.0436142e-01   5.3661065e-01  -1.8707527e+00   7.5440924e-01
   2.0000000e+00   5.1155611e-01   8.3629917e-01   1.3927591e+00   1.4686941e-01   6.0037656e-01   1.7706464e+00   4.7720326e-01  -2.2122071e+00   1.1017895e+00  -1.1472115e+00
   1.0000000e+00   1.9389596e+00  -6.0379016e-01   1.2628648e-01  -1.4065784e-01  -4.1157865e-01   4.0944924e-01  -1.0945266e-01  -4.3005024e-02  -3.4076231e-01  -9.6294216e-01
   2.0000000e+00   5.3075504e-01  -1.2559058e-01   9.1508640e-01   3.4555413e-01   1.1637287e-01  -1.1241440e+00   1.1751735e+00   9.1334200e-01   4.0958736e-01  -3.1941879e-01
   2.0000000e+00   7.6005570e-01   2.8268464e-01  -1.4699699e-01   1.5437261e+00   1.9266853e+00  -1.3424335e+00  -1.0564348e+00  -1.4821352e-01   1.2981530e+00   7.1756169e-01
   1.0000000e+00  -7.3829534e-02   8.9860008e-01  -4.6485742e-01   4.7125302e-01  -2.4977029e-01   8.5816494e-02   2.6327507e-01  -1.2658650e+00  -1.9699782e+00  -1.8429172e+00
   2.0000000e+00   1.7568411e+00   2.2288856e-01  -8.9852156e-01  -2.6322214e+00  -1.4593105e+00  -8.5501751e-02   8.7355768e-01   1.4405122e+00  -6.4747548e-01  -4.9134411e-01
   1.0000000e+00   4.0946295e-01   7.4537908e-01   2.9464102e-02   1.0900095e+00   6.3985729e-01   2.8084348e-01  -3.2970353e-01   6.4303503e-02   1.9514775e-01  -1.0600510e+00
   2.0000000e+00  -1.1462347e+00  -5.6507187e-01  -1.5315475e+00   4.1850565e-01   3.4101593e-01  -6.2615560e-01   9.6784925e-01   8.1107331e-01  -1.2960784e-01   9.6098130e-01
   2.0000000e+00   1.3298610e-01  -2.0468245e-01   6.8186753e-01   7.3314126e-01   7.8694653e-01  -6.4881782e-01   6.8672939e-01  -4.1730157e-01  -5.4233889e-01  -4.2141881e-01
   2.0000000e+00  -3.4689020e-01   1.1079285e-01  -6.0043638e-01   5.7593049e-02   1.9951494e-01   1.9349113e+00   4.1823577e-01  -2.4374320e-02   7.0736479e-01   1.8052918e+00
   2.0000000e+00  -3.4880912e-01  -9.6828098e-02   2.4382407e-01   3.9370686e-02  -1.6611183e+00   3.3674688e+00  -8.9508968e-01   1.4932164e-01  -6.5436751e-01  -6.0108966e-01
   2.0000000e+00  -1.4987518e+00   4.6048625e-02  -1.3067319e+00  -5.6842839e-01  -1.6874621e-01  -3.3062108e-02   5.1998450e-01  -8.9381826e-01   4.1635700e-01  -9.3512169e-01
   2.0000000e+00  -5.7353748e-02   1.5849979e+00  -6.9573517e-01   1.5262813e+00  -1.1239892e+00   1.2142849e+00  -5.8086441e-01   9.4317393e-01   1.3283866e+00  -1.0152894e-01
   1.0000000e+00  -3.5614582e-01   4.4337702e-01  -5.8989387e-01  -3.9085057e-01   1.1077010e-02   4.9514120e-01   8.1877755e-01   1.0958109e+00   1.1342466e+00  -4.6483732e-01
   2.0000000e+00  -2.7732512e-01  -6.2733773e-01  -1.5308615e+00   1.9449247e+00  -7.7660766e-01  -7.5225966e-01  -2.0703374e+00  -2.3201165e-01  -9.7131356e-01   4.8195972e-01
   2.0000000e+00   6.7808715e-02   8.9521854e-02  -6.6169383e-01  -3.3276612e-01   8.9694638e-02   4.3497745e-01   1.2444721e+00   3.9777833e-01  -2.9543338e-01   7.4156440e-02
   2.0000000e+00   1.8340075e+00   7.2117171e-01  -2.0172249e-02   2.2838828e+00  -1.6772654e+00   1.8873374e+00   4.2229886e-01  -2.5681857e+00  -7.1718442e-01   3.5987537e-01
   2.0000000e+00  -1.4730916e+00   7.5823505e-01   2.4088374e-01  -6.4169016e-01   2.3600962e-01  -2.6836799e+00   1.0827854e+00   5.5102983e-01   1.3573393e+00  -1.0513280e+00
   2.0000000e+00  -4.2415819e-01   5.9046514e-01   1.2358032e-01  -3.1717237e-02   4.2385934e-01   1.6435021e+00  -3.0136210e+00   8.0066641e-01  -3.4270772e-01  -1.5909108e-01
   2.0000000e+00  -2.2643354e-01   2.2323172e-01   9.1583282e-02  -6.1728517e-01   2.6165190e-01  -1.8557728e+00   7.3053334e-01  -6.7280414e-01   4.4559607e-01   3.0858802e-01
   2.0000000e+00   1.4578194e+00   1.4381291e+00   1.5421550e+00  -4.7299883e-03   1.5702044e+00  -8.6697912e-01  -5.6809847e-01  -1.8259245e+00   3.9557465e-01  -5.4302326e-01
   1.0000000e+00  -4.4047106e-01  -4.9278432e-01  -2.2688211e-01  -5.0095330e-01   9.7868858e-01   7.7345682e-01   4.1525828e-01   6.2651358e-01   1.1279584e+00   2.1003603e-01
   1.0000000e+00  -6.9790941e-02   1.3526441e-01   3.9010149e-01  -1.1335278e+00  -6.6084394e-01   8.7635556e-01  -4.7230385e-01  -2.2044977e-01   1.0688094e+00  -2.0810955e+00
   2.0000000e+00   7.0926178e-02   9.8696555e-01  -1.0940647e+00   4.2803152e-01   6.4131833e-01   3.1844125e-01   3.3757895e+00  -2.8799282e-01  -1.9208058e-01   6.7022307e-01
   2.0000000e+00   3.6348234e-01   1.0622659e+00   1.9343298e+00   1.2839108e+00  -2.7987171e-01   1.0452282e+00  -3.1956681e+00   6.4989920e-01  -5.9084934e-01   9.5624818e-01
   2.0000000e+00   5.1022495e-02  -1.1910819e+00  -3.0075031e-01   1.4462905e+00  -1.1707605e-01  -1.9987183e+00  -9.9987239e-01  -9.5901506e-01  -5.6794659e-01  -7.1754779e-02
   2.0000000e+00  -4.8208883e-01  -3.8397764e-01  -9.5154734e-01  -6.7829921e-01  -6.5398205e-01  -1.1976756e+00  -7.0225686e-01  -1.4659382e+00   6.2185991e-01   1.7196459e+00
   1.0000000e+00   1.5900184e+00   1.1296302e+00  -9.2654507e-01  -2.4828234e+00   2.7594443e-01   1.3849173e-01  -3.5136056e-01   1.6457562e+00  -5.7264804e-01  -4.7659712e-01
   2.0000000e+00  -1.4274570e+00  -1.0573934e+00   2.6365083e-01  -3.9607197e-01   6.2208549e-02   1.0141155e+00   1.8152862e+00   1.1369432e-01   2.5606354e-01  -7.0209670e-01
   2.0000000e+00   2.0368862e+00  -1.2307729e+00   1.5136530e+00   4.8927552e-01   1.4709132e-01  -7.1181693e-01  -2.7715423e-01   7.2008111e-01  -8.4511682e-01  -4.2708103e-01
   2.0000000e+00  -1.0984295e-01   3.9596619e-01   1.1101561e-01   2.3740517e-01  -1.5507405e+00  -9.2554352e-01   7.2194927e-02   1.0422923e+00  -1.0128565e+00   4.3393113e-01
